96
78
50
118
206
209
218
211
220
241
243
250
245
263
240
249
242
247
263
259
249
250
242
248
249
241
253
243
241
237
239
238
245
246
237
247
251
245
240
241
245
253
239
245
252
253
237
246
244
246
248
246
241
251
247
254
248
251
238
241
246
248
245
241
244
240
242
248
246
247
251
243
244
237
258
253
244
245
243
242
254
251
258
248
252
236
252
256
256
248
246
236
248
251
254
265
247
237
257
264
258
281
252
261
268
264
257
283
261
283
274
256
270
267
266
255
262
262
285
279
279
245
262
253
280
286
278
245
261
260
259
264
249
259
256
262
271
248
268
259
263
273
268
263
265
244
265
263
271
262
272
269
261
271
266
269
269
286
255
271
270
274
274
283
258
265
265
262
248
274
258
257
264
267
267
264
262
272
264
266
272
271
266
254
267
261
267
279
274
253
259
276
263
263
267
271
267
255
264
266
275
268
283
281
275
272
267
282
275
283
271
271
277
286
300
280
266
274
253
281
270
258
290
261
286
288
283
290
275
289
287
282
285
291
286
299
292
288
275
296
291
299
273
275
292
290
297
284
292
293
297
282
280
298
295
281
292
260
269
267
266
267
273
274
273
268
289
295
296
304
289
272
278
287
290
288
293
292
283
277
291
281
283
289
301
285
277
291
287
291
298
291
295
296
288
288
283
291
296
293
301
289
301
298
288
290
302
295
291
299
300
297
269
292
292
289
292
302
295
295
286
270
291
288
286
299
282
304
285
266
290
289
278
281
282
276
279
275
278
278
275
279
274
278
277
279
273
274
280
275
275
278
277
282
277
277
271
285
272
280
278
280
280
274
287
281
278
281
279
279
284
280
277
288
280
277
277
276
274
284
278
283
279
281
265
280
278
281
282
258
263
278
285
281
284
279
289
286
259
279
269
277
289
294
290
282
273
270
270
293
278
260
281
299
289
272
277
283
295
294
289
271
283
281
291
299
277
290
297
298
302
299
296
290
295
302
297
295
299
293
300
299
300
299
296
292
298
296
293
291
305
300
300
286
286
287
300
297
302
294
287
300
301
293
290
302
299
298
303
304
294
302
292
300
285
295
298
291
286
302
278
290
286
303
290
305
275
288
284
294
303
281
284
286
288
310
296
284
287
288
290
276
284
290
284
276
285
287
288
279
284
288
288
285
292
285
291
282
288
284
280
290
279
287
291
282
290
286
281
286
286
278
279
288
285
277
283
282
290
280
283
274
280
279
276
278
281
274
286
282
291
282
284
279
286
296
289
286
278
286
279
288
286
277
284
285
277
289
280
279
276
293
284
283
268
287
275
280
286
278
281
288
285
283
289
283
274
275
286
287
283
285
286
279
288
286
277
287
279
288
267
280
284
287
287
267
279
290
289
282
268
301
294
284
286
280
287
288
299
294
289
282
285
281
294
297
299
299
280
299
304
300
280
278
296
307
284
299
303
298
299
298
296
308
298
303
298
294
303
281
286
298
303
297
300
291
296
286
296
300
294
300
280
303
304
301
305
272
297
289
291
293
293
284
287
287
290
298
287
285
283
306
290
292
285
293
278
307
286
287
288
289
290
287
294
294
289
289
293
295
292
295
288
293
292
294
286
296
294
301
295
293
291
286
287
287
289
284
283
292
290
292
286
288
289
295
290
290
285
287
291
290
296
290
291
293
283
288
291
291
285
289
283
284
289
290
289
289
294
286
287
286
295
290
288
287
291
286
292
286
289
288
293
288
284
286
283
286
294
290
293
287
293
293
287
299
291
293
290
295
290
290
286
288
295
296
297
288
290
286
287
290
286
292
289
292
295
290
293
282
297
288
278
283
293
299
300
285
288
285
292
293
288
293
285
293
288
289
297
294
286
288
289
290
283
289
289
287
292
292
290
286
290
299
297
302
295
289
283
288
287
297
293
287
295
297
297
295
297
294
298
295
294
288
290
300
302
294
309
297
300
295
300
298
298
313
305
314
314
310
310
296
302
295
300
306
309
306
310
306
289
289
275
289
297
288
285
289
286
296
302
284
298
301
304
300
288
295
292
291
291
290
293
287
288
284
288
289
293
288
291
292
291
295
293
288
299
299
284
289
286
289
290
291
296
302
288
292
289
289
292
295
295
301
303
293
297
299
288
292
298
300
297
301
300
300
292
301
299
297
297
299
296
297
286
289
295
301
289
288
298
302
289
288
300
303
301
304
303
301
310
310
308
306
309
310
302
304
307
304
304
306
306
311
307
310
306
318
305
311
309
314
311
306
306
307
310
316
300
305
